76561198049444854
76561197989257331
76561198076383926
76561198801946061
76561198218305564
76561199033536585
76561199030253315
76561199189777784
76561198118423989
76561199232896186
76561198244669860
76561198076151796
76561199167666988
76561198000956686
76561199222494103
76561198061892572
76561198071779062
76561199071863065
76561198245112788
76561198952296585
76561198877504061
76561198870430897
76561199144847170
76561198281262237
76561198010342580
76561198272408686
76561198392293470
76561198147277826
76561198390373223
